# V1.0
# NIST Elements from BDSIM for pyg4ometry
# Geant4 version: $Name: geant4-10-07-patch-01 $
# element	Z	Name	density(g/cm^3)	I(eV)
# for each isotope
# 	A	fractional abundance
# number of elements (unique Z): 99
element	1	G4_H	8.374800e-05	1.920000e+01	2
	1	0.999885
	2	0.000115
element	2	G4_He	1.663220e-04	4.180000e+01	2
	3	1.37e-06
	4	0.999999
element	3	G4_Li	5.340000e-01	4.000000e+01	2
	6	0.0759
	7	0.9241
element	4	G4_Be	1.848000e+00	6.370000e+01	1
element	5	G4_B	2.370000e+00	7.600000e+01	2
	10	0.199
	11	0.801
element	6	G4_C	2.000000e+00	8.100000e+01	2
	12	0.9893
	13	0.0107
element	7	G4_N	1.165200e-03	8.200000e+01	2
	14	0.99632
	15	0.00368
element	8	G4_O	1.331510e-03	9.500000e+01	3
	16	0.99757
	17	0.00038
	18	0.00205
element	9	G4_F	1.580290e-03	1.150000e+02	1
element	10	G4_Ne	8.385050e-04	1.370000e+02	3
	20	0.9048
	21	0.0027
	22	0.0925
element	11	G4_Na	9.710000e-01	1.490000e+02	1
element	12	G4_Mg	1.740000e+00	1.560000e+02	3
	24	0.7899
	25	0.1
	26	0.1101
element	13	G4_Al	2.699000e+00	1.660000e+02	1
element	14	G4_Si	2.330000e+00	1.730000e+02	3
	28	0.922296
	29	0.046832
	30	0.030872
element	15	G4_P	2.200000e+00	1.730000e+02	1
element	16	G4_S	2.000000e+00	1.800000e+02	4
	32	0.9493
	33	0.0076
	34	0.0429
	36	0.0002
element	17	G4_Cl	2.994730e-03	1.740000e+02	2
	35	0.7578
	37	0.2422
element	18	G4_Ar	1.662010e-03	1.880000e+02	3
	36	0.003365
	38	0.000632
	40	0.996003
element	19	G4_K	8.620000e-01	1.900000e+02	3
	39	0.932581
	40	0.000117
	41	0.067302
element	20	G4_Ca	1.550000e+00	1.910000e+02	6
	40	0.96941
	42	0.00647
	43	0.00135
	44	0.02086
	46	4e-05
	48	0.00187
element	21	G4_Sc	2.989000e+00	2.160000e+02	1
element	22	G4_Ti	4.540000e+00	2.330000e+02	5
	46	0.0825
	47	0.0744
	48	0.7372
	49	0.0541
	50	0.0518
element	23	G4_V	6.110000e+00	2.450000e+02	2
	50	0.0025
	51	0.9975
element	24	G4_Cr	7.180000e+00	2.570000e+02	4
	50	0.04345
	52	0.83789
	53	0.09501
	54	0.02365
element	25	G4_Mn	7.440000e+00	2.720000e+02	1
element	26	G4_Fe	7.874000e+00	2.860000e+02	4
	54	0.05845
	56	0.91754
	57	0.02119
	58	0.00282
element	27	G4_Co	8.900000e+00	2.970000e+02	1
element	28	G4_Ni	8.902000e+00	3.110000e+02	5
	58	0.680769
	60	0.262231
	61	0.011399
	62	0.036345
	64	0.009256
element	29	G4_Cu	8.960000e+00	3.220000e+02	2
	63	0.6917
	65	0.3083
element	30	G4_Zn	7.133000e+00	3.300000e+02	5
	64	0.4863
	66	0.279
	67	0.041
	68	0.1875
	70	0.0062
element	31	G4_Ga	5.904000e+00	3.340000e+02	2
	69	0.60108
	71	0.39892
element	32	G4_Ge	5.323000e+00	3.500000e+02	5
	70	0.2084
	72	0.2754
	73	0.0773
	74	0.3628
	76	0.0761
element	33	G4_As	5.730000e+00	3.470000e+02	1
element	34	G4_Se	4.500000e+00	3.480000e+02	6
	74	0.0089
	76	0.0937
	77	0.0763
	78	0.2377
	80	0.4961
	82	0.0873
element	35	G4_Br	7.072100e-03	3.430000e+02	2
	79	0.5069
	81	0.4931
element	36	G4_Kr	3.478320e-03	3.520000e+02	6
	78	0.0035
	80	0.0228
	82	0.1158
	83	0.1149
	84	0.57
	86	0.173
element	37	G4_Rb	1.532000e+00	3.630000e+02	2
	85	0.7217
	87	0.2783
element	38	G4_Sr	2.540000e+00	3.660000e+02	4
	84	0.0056
	86	0.0986
	87	0.07
	88	0.8258
element	39	G4_Y	4.469000e+00	3.790000e+02	1
element	40	G4_Zr	6.506000e+00	3.930000e+02	5
	90	0.5145
	91	0.1122
	92	0.1715
	94	0.1738
	96	0.028
element	41	G4_Nb	8.570000e+00	4.170000e+02	1
element	42	G4_Mo	1.022000e+01	4.240000e+02	7
	92	0.1484
	94	0.0925
	95	0.1592
	96	0.1668
	97	0.0955
	98	0.2413
	100	0.0963
element	43	G4_Tc	1.150000e+01	4.280000e+02	1
element	44	G4_Ru	1.241000e+01	4.410000e+02	7
	96	0.0554
	98	0.0187
	99	0.1276
	100	0.126
	101	0.1706
	102	0.3155
	104	0.1862
element	45	G4_Rh	1.241000e+01	4.490000e+02	1
element	46	G4_Pd	1.202000e+01	4.700000e+02	6
	102	0.0102
	104	0.1114
	105	0.2233
	106	0.2733
	108	0.2646
	110	0.1172
element	47	G4_Ag	1.050000e+01	4.700000e+02	2
	107	0.51839
	109	0.48161
element	48	G4_Cd	8.650000e+00	4.690000e+02	8
	106	0.0125
	108	0.0089
	110	0.1249
	111	0.128
	112	0.2413
	113	0.1222
	114	0.2873
	116	0.0749
element	49	G4_In	7.310000e+00	4.880000e+02	2
	113	0.0429
	115	0.9571
element	50	G4_Sn	7.310000e+00	4.880000e+02	10
	112	0.0097
	114	0.0066
	115	0.0034
	116	0.1454
	117	0.0768
	118	0.2422
	119	0.0859
	120	0.3258
	122	0.0463
	124	0.0579
element	51	G4_Sb	6.691000e+00	4.870000e+02	2
	121	0.5721
	123	0.4279
element	52	G4_Te	6.240000e+00	4.850000e+02	8
	120	0.0009
	122	0.0255
	123	0.0089
	124	0.0474
	125	0.0707
	126	0.1884
	128	0.3174
	130	0.3408
element	53	G4_I	4.930000e+00	4.910000e+02	1
element	54	G4_Xe	5.485360e-03	4.820000e+02	9
	124	0.0009
	126	0.0009
	128	0.0192
	129	0.2644
	130	0.0408
	131	0.2118
	132	0.2689
	134	0.1044
	136	0.0887
element	55	G4_Cs	1.873000e+00	4.880000e+02	1
element	56	G4_Ba	3.500000e+00	4.910000e+02	7
	130	0.00106
	132	0.00101
	134	0.02417
	135	0.06592
	136	0.07854
	137	0.11232
	138	0.71698
element	57	G4_La	6.154000e+00	5.010000e+02	2
	138	0.0009
	139	0.9991
element	58	G4_Ce	6.657000e+00	5.230000e+02	4
	136	0.00185
	138	0.00251
	140	0.8845
	142	0.11114
element	59	G4_Pr	6.710000e+00	5.350000e+02	1
element	60	G4_Nd	6.900000e+00	5.460000e+02	7
	142	0.272
	143	0.122
	144	0.238
	145	0.083
	146	0.172
	148	0.057
	150	0.056
element	61	G4_Pm	7.220000e+00	5.600000e+02	1
element	62	G4_Sm	7.460000e+00	5.740000e+02	7
	144	0.0307
	147	0.1499
	148	0.1124
	149	0.1382
	150	0.0738
	152	0.2675
	154	0.2275
element	63	G4_Eu	5.243000e+00	5.800000e+02	2
	151	0.4781
	153	0.5219
element	64	G4_Gd	7.900400e+00	5.910000e+02	7
	152	0.002
	154	0.0218
	155	0.148
	156	0.2047
	157	0.1565
	158	0.2484
	160	0.2186
element	65	G4_Tb	8.229000e+00	6.140000e+02	1
element	66	G4_Dy	8.550000e+00	6.280000e+02	7
	156	0.0006
	158	0.001
	160	0.0234
	161	0.1891
	162	0.2551
	163	0.249
	164	0.2818
element	67	G4_Ho	8.795000e+00	6.500000e+02	1
element	68	G4_Er	9.066000e+00	6.580000e+02	6
	162	0.0014
	164	0.0161
	166	0.3361
	167	0.2293
	168	0.2678
	170	0.1493
element	69	G4_Tm	9.321000e+00	6.740000e+02	1
element	70	G4_Yb	6.730000e+00	6.840000e+02	7
	168	0.0013
	170	0.0304
	171	0.1428
	172	0.2183
	173	0.1613
	174	0.3183
	176	0.1276
element	71	G4_Lu	9.840000e+00	6.940000e+02	2
	175	0.9741
	176	0.0259
element	72	G4_Hf	1.331000e+01	7.050000e+02	6
	174	0.0016
	176	0.0526
	177	0.186
	178	0.2728
	179	0.1362
	180	0.3508
element	73	G4_Ta	1.665400e+01	7.180000e+02	2
	180	0.00012
	181	0.99988
element	74	G4_W	1.930000e+01	7.270000e+02	5
	180	0.0012
	182	0.265
	183	0.1431
	184	0.3064
	186	0.2843
element	75	G4_Re	2.102000e+01	7.360000e+02	2
	185	0.374
	187	0.626
element	76	G4_Os	2.257000e+01	7.460000e+02	7
	184	0.0002
	186	0.0159
	187	0.0196
	188	0.1324
	189	0.1615
	190	0.2626
	192	0.4078
element	77	G4_Ir	2.242000e+01	7.570000e+02	2
	191	0.373
	193	0.627
element	78	G4_Pt	2.145000e+01	7.900000e+02	6
	190	0.00014
	192	0.00782
	194	0.32967
	195	0.33832
	196	0.25242
	198	0.07163
element	79	G4_Au	1.932000e+01	7.900000e+02	1
element	80	G4_Hg	1.354600e+01	8.000000e+02	7
	196	0.0015
	198	0.0997
	199	0.1687
	200	0.231
	201	0.1318
	202	0.2986
	204	0.0687
element	81	G4_Tl	1.172000e+01	8.100000e+02	2
	203	0.29524
	205	0.70476
element	82	G4_Pb	1.135000e+01	8.230000e+02	4
	204	0.014
	206	0.241
	207	0.221
	208	0.524
element	83	G4_Bi	9.747000e+00	8.230000e+02	1
element	84	G4_Po	9.320000e+00	8.300000e+02	1
element	85	G4_At	9.320000e+00	8.250000e+02	1
element	86	G4_Rn	9.006620e-03	7.940000e+02	1
element	87	G4_Fr	1.000000e+00	8.270000e+02	1
element	88	G4_Ra	5.000000e+00	8.260000e+02	1
element	89	G4_Ac	1.007000e+01	8.410000e+02	1
element	90	G4_Th	1.172000e+01	8.470000e+02	1
element	91	G4_Pa	1.537000e+01	8.780000e+02	1
element	92	G4_U	1.895000e+01	8.900000e+02	3
	234	5.5e-05
	235	0.0072
	238	0.992745
element	93	G4_Np	2.025000e+01	9.020000e+02	1
element	94	G4_Pu	1.984000e+01	9.210000e+02	1
element	95	G4_Am	1.367000e+01	9.340000e+02	1
element	96	G4_Cm	1.351000e+01	9.390000e+02	1
element	97	G4_Bk	1.400000e+01	9.520000e+02	1
element	98	G4_Cf	1.000000e+01	9.660000e+02	1
